  -1.9932624487587929        -0.45847705930789462          2.5961520277497457E-006
  -1.9646737262712932        -0.45673679767755726          2.6164840960204154E-006
  -1.9139440337132032        -0.45355786927103198          2.6532664678475747E-006
  -1.8422508487880491        -0.44885542671928208          2.7068227829779473E-006
  -1.7512731647414914        -0.44250389312813082          2.7775272161337170E-006
  -1.6431430735586139        -0.43433228540364599          2.8656955586583307E-006
  -1.5203949344691035        -0.42411915425306884          2.9713906300322158E-006
  -1.3859058097465633        -0.41158738663069111          3.0941002764856708E-006
  -1.2428279855495163        -0.39640029431515933          3.2322157755727314E-006
  -1.0945150703095916        -0.37816186345376801          3.3822037948032634E-006
 -0.94444338293840846        -0.35642657762107000          3.5373265289350470E-006
 -0.79613046769848383        -0.33072851014450311          3.6857440331036888E-006
 -0.65305264350143677        -0.30064605343893080          3.8078986680132589E-006
 -0.51856351877889650        -0.26592756707824872          3.8734133328170816E-006
 -0.39581537968938618        -0.22671104416454071          3.8387369942592399E-006
 -0.28768528850650854        -0.18386573039980564          3.6491738832753221E-006
 -0.19670760445995084        -0.13943715717757996          3.2534094710857339E-006
 -0.12501441953479675         -9.7046255294211070E-002     2.6430682085607253E-006
  -7.4284726976706739E-002    -6.1871946629716568E-002     1.9202881998207789E-006
  -4.5696004489207298E-002    -3.9705708930949477E-002     1.3405705422753372E-006
  -3.8751991658699844E-002    -3.4030827744671512E-002     1.1743357749020779E-006
  -3.7878817561813521E-002    -3.3308712071736184E-002     1.1526251341579173E-006
  -3.6341052988118183E-002    -3.2032275395862134E-002     1.1139348632325656E-006
  -3.4193920287115744E-002    -3.0239911391292996E-002     1.0589233102549279E-006
  -3.1514978014305112E-002    -2.7986902597301407E-002     9.8862697847275977E-007
  -2.8401039233579353E-002    -2.5344438074948294E-002     9.0452466462433950E-007
  -2.4964646007752278E-002    -2.2398403438661538E-002     8.0861345765778417E-007
  -2.1329996835242369E-002    -1.9247623937615442E-002     7.0347640985985247E-007
  -1.7628456412757631E-002    -1.6001426037902867E-002     5.9232284328089358E-007
  -1.3993807240247723E-002    -1.2776431447712367E-002     4.7897986492363882E-007
  -1.0557414014420648E-002    -9.6925645330410686E-003     3.6781400934333188E-007
  -7.4434752336948896E-003    -6.8683469464412700E-003     2.6356715900870346E-007
  -4.7645329608842577E-003    -4.4156647506861301E-003     1.7110227582895219E-007
  -2.6174002598818163E-003    -2.4343068749338760E-003     9.5071510522397156E-008
  -1.0796356861864746E-003    -1.0066575372293311E-003     3.9538553237166771E-008
  -2.0646158930015882E-004    -1.9278333683229860E-004     7.5965124127808605E-009
   2.0738219220638541E-008     1.9370900447686618E-008    -7.6388448765228518E-013
   1.0618886748770468E-007     9.9187603779433965E-008    -3.9114286999786154E-012
   2.4778588109692281E-007     2.3144887149948281E-007    -9.1271106513759255E-012
   4.2644296641369816E-007     3.9832686200981848E-007    -1.5707900130465866E-011
   6.1803672524754472E-007     5.7728870373822104E-007    -2.2765222801240161E-011
   7.9669381056432006E-007     7.4416689840566652E-007    -2.9346038441518226E-011
   9.3829082417353814E-007     8.7642846789087232E-007    -3.4561759061544224E-011
   1.0237414724406042E-006     9.5624541321101596E-007    -3.7709334281935647E-011
   1.0637392347176587E-006     9.9360615805029449E-007    -3.9182653125239139E-011
   1.1446272701630435E-006     1.0691613312483552E-006    -4.2162168411493382E-011
   1.2848116755708522E-006     1.2001035755542824E-006    -4.7325874913028689E-011
   1.4755177075220877E-006     1.3782367238517131E-006    -5.4350563026082575E-011
   1.7047668526655737E-006     1.5923720602344848E-006    -6.2795012103149896E-011
   1.9581556314147402E-006     1.8290557547546884E-006    -7.2128674750260542E-011
   2.2197631352302313E-006     2.0734165488870817E-006    -8.1765103598665806E-011
   2.4731519139793978E-006     2.3101006461645520E-006    -9.1098817856577716E-011
   2.7024010591228836E-006     2.5242366884274734E-006    -9.9543357387029077E-011
   2.8931070910741195E-006     2.7023706711104905E-006    -1.0656815242074433E-010
   3.0332914964819278E-006     2.8333136719221789E-006    -1.1173195586358587E-010
   3.1141795319273128E-006     2.9088693368242028E-006    -1.1471153415580608E-010
   1.5654307953090127E-004     1.4625965465385756E-004    -5.7710538404335907E-009
   8.0748961498394722E-004     7.5525762283322538E-004    -2.9872962528263658E-008
   1.9625715753522656E-003     1.8391397353708231E-003    -7.3058757629946792E-008
   3.5949785625140548E-003     3.3780281468609496E-003    -1.3501564971403553E-007
   5.6664809970682177E-003     5.3429421201352514E-003    -2.1523114266112821E-007
   8.1285325373038116E-003     7.6960913772750449E-003    -3.1295020123271796E-007
   1.0923427479131411E-002     1.0391087734510654E-002    -4.2711355765459675E-007
   1.3985656994022450E-002     1.3373279271768648E-002    -5.5628733725569689E-007
   1.7243445585378766E-002     1.6580269604461347E-002    -6.9859047569952188E-007
   2.0620433779957387E-002     1.9942675739379023E-002    -8.5162856473855756E-007
   2.4037468067046600E-002     2.3385172415451537E-002    -1.0124454695380119E-006
   2.7414456261625222E-002     2.6827859845272976E-002    -1.1775063867803886E-006
   3.0672244852981537E-002     3.0187973637925261E-002    -1.3427269252485142E-006
   3.3734474367872580E-002     3.3381930149218114E-002    -1.5035609980865067E-006
   3.6529369309700174E-002     3.6327668545972809E-002    -1.6551546383990265E-006
   3.8991420849935773E-002     3.8947214887155142E-002    -1.7925629428484295E-006
   4.1062923284489933E-002     4.1169357521322912E-002    -1.9110146283211666E-006
   4.2695330271651719E-002     4.2932293189548186E-002    -2.0061968150794673E-006
   4.3850412232020040E-002     4.4186094009680224E-002    -2.0745270167534493E-006
   4.4501358767473090E-002     4.4895011441668478E-002    -2.1133916123233777E-006
   4.4751725226090291E-002     4.5168125282540238E-002    -2.1284080735319039E-006
   4.5163131606309151E-002     4.5617455766201347E-002    -2.1531657384339833E-006
   4.5893157902309772E-002     4.6416450632664481E-002    -2.1973488033820430E-006
   4.6924859605990840E-002     4.7549288514018212E-002    -2.2603358309645574E-006
   4.8234075143364169E-002     4.8993067873391305E-002    -2.3411774337876004E-006
   4.9790122617179536E-002     5.0718177244378881E-002    -2.4385660105261324E-006
   5.1556531298207399E-002     5.2688637444631849E-002    -2.5507936171519694E-006
   5.3491898784638281E-002     5.4862554082846168E-002    -2.6757110665310568E-006
   5.5550862061791870E-002     5.7192711002757204E-002    -2.8106979905914765E-006
   5.7685160984216353E-002     5.9627325945764031E-002    -2.9526559562607405E-006
   5.9844769539712662E-002     6.2110983905320008E-002    -3.0980389909359964E-006
   6.1979068462137146E-002     6.4585755366257935E-002    -3.2429365904343694E-006
   6.4038031739290735E-002     6.6992494867521526E-002    -3.3832216843591423E-006
   6.5973399225721624E-002     6.9272303911047287E-002    -3.5147681773949777E-006
   6.7739807906749480E-002     7.1368118488930071E-002    -3.6337270082545353E-006
   6.9295855380564847E-002     7.3226374070033906E-002    -3.7368272027246889E-006
   7.0605070917938176E-002     7.4798684071949686E-002    -3.8216409521028267E-006
   7.1636772621619244E-002     7.6043446780162116E-002    -3.8867287283965499E-006
   7.2366798917619865E-002     7.6927310184938938E-002    -3.9315816562499672E-006
   7.2778205297838724E-002     7.7425709456654404E-002    -3.9562903894273420E-006
   7.2921645400328694E-002     7.7600793385921032E-002    -3.9648634098285427E-006
   7.3116870257916577E-002     7.7838114570025582E-002    -3.9763858618538846E-006
   7.3455208065616950E-002     7.8249845187805200E-002    -3.9961008587060139E-006
   7.3915480808351183E-002     7.8810853485435609E-002    -4.0223560695757906E-006
   7.4468778109569478E-002     7.9486611281165437E-002    -4.0529433606825912E-006
   7.5080336889224539E-002     8.0235268134325952E-002    -4.0853073611426535E-006
   7.5711731722775469E-002     8.1010137234666713E-002    -4.1168089112797758E-006
   7.6323290502430530E-002     8.1762542197683988E-002    -4.1450280239841818E-006
   7.6876587803648824E-002     8.2444871349777349E-002    -4.1680714592317388E-006
   7.7336860546383057E-002     8.3013651699750932E-002    -4.1848353224298601E-006
   7.7675198354083430E-002     8.3432436048748018E-002    -4.1951680056262885E-006
   7.7870423211671314E-002     8.3674348421171912E-002    -4.1998908070598450E-006
   7.7920252735342435E-002     8.3736127125656520E-002    -4.2007550432088785E-006
   7.7934451470834484E-002     8.3753733132185315E-002    -4.2005207164521123E-006
   7.7959646632546925E-002     8.3784977223248389E-002    -4.1995410400536019E-006
   7.7995253420145752E-002     8.3829136383764921E-002    -4.1973653818533962E-006
   7.8040437953033504E-002     8.3885186664128961E-002    -4.1936355630019629E-006
   7.8094141316802465E-002     8.3951818577849446E-002    -4.1881084280817169E-006
   7.8155104808956904E-002     8.4027472347255175E-002    -4.1806700869849703E-006
   7.8221899521778576E-002     8.4110382469718664E-002    -4.1713411638637260E-006
   7.8292959856196775E-002     8.4198611005173396E-002    -4.1602720546531008E-006
   7.8366620225402348E-002     8.4290094092824605E-002    -4.1477295134681872E-006
   7.8441154097797630E-002     8.4382689041285167E-002    -4.1340776509179491E-006
   7.8514814467003202E-002     8.4474224407726228E-002    -4.1197547487651110E-006
   7.8585874801421401E-002     8.4562554004125878E-002    -4.1052439458327238E-006
   7.8652669514243073E-002     8.4645600442728494E-002    -4.0910507928431873E-006
   7.8713633006397513E-002     8.4721418504936891E-002    -4.0776761417637388E-006
   7.8767336370166474E-002     8.4788225520645188E-002    -4.0655909710127394E-006
   7.8812520903054226E-002     8.4844442916093929E-002    -4.0552198192510976E-006
   7.8848127690653053E-002     8.4888751166911677E-002    -4.0469249784063775E-006
   7.8873322852365493E-002     8.4920106903805220E-002    -4.0409940157674897E-006
   7.8887521587857543E-002     8.4937778265006952E-002    -4.0376296658406620E-006
   7.8899478568231193E-002     8.4952660577683928E-002    -4.0347845358805503E-006
   7.8936180428320582E-002     8.4998346647522593E-002    -4.0259888933098281E-006
   7.9001978172016304E-002     8.5080268152970623E-002    -4.0099942646389492E-006
   7.9096490801854241E-002     8.5197978922252865E-002    -3.9865586456525083E-006
   7.9219151715497024E-002     8.5350812865520154E-002    -3.9554508893850829E-006
   7.9369223649102524E-002     8.5537893651178726E-002    -3.9165457541731846E-006
   7.9545804197472189E-002     8.5758178559087420E-002    -3.8699014600338692E-006
   7.9747831444024447E-002     8.6010387939180477E-002    -3.8158253017099747E-006
   7.9974090401303835E-002     8.6293085839600228E-002    -3.7549226751759055E-006
   8.0223220336070517E-002     8.6604654987431265E-002    -3.6880920646561231E-006
   8.0493722959936967E-002     8.6943304641551880E-002    -3.6165350201021255E-006
   8.0783971443331465E-002     8.7307079470027263E-002    -3.5417001152383178E-006
   8.1092220200921411E-002     8.7693875302648910E-002    -3.4652516830934759E-006
   8.1416615390532507E-002     8.8101447610805933E-002    -3.3889826641166990E-006
   8.1755206062792476E-002     8.8527421476547560E-002    -3.3147629418013585E-006
   8.2105955894611907E-002     8.8969304568841820E-002    -3.2444378347535176E-006
   8.2466755436017183E-002     8.9424496560817190E-002    -3.1797800186252431E-006
   8.2835434796723187E-002     8.9890326072266213E-002    -3.1223773174608737E-006
   8.3209776696169982E-002     9.0364022052615678E-002    -3.0736229188728378E-006
   8.3587529798551899E-002     9.0842764515681296E-002    -3.0346119256014972E-006
   8.3966422252648096E-002     9.1323692392265468E-002    -3.0061435505522279E-006
   8.4344175355030013E-002     9.1803917234724405E-002    -2.9886670077367147E-006
   8.4718517254476808E-002     9.2280540655014828E-002    -2.9822946509070597E-006
   8.5087196615182811E-002     9.2750671959482486E-002    -2.9867983536556605E-006
   8.5447996156588088E-002     9.3211448303156516E-002    -3.0016261233825863E-006
   8.5798745988407518E-002     9.3660049956360597E-002    -3.0259236272990250E-006
   8.6137336660667488E-002     9.4093719503010778E-002    -3.0585864721997531E-006
   8.6461731850278584E-002     9.4509778569953018E-002    -3.0983064204820495E-006
   8.6769980607868530E-002     9.4905651077656139E-002    -3.1436114512124096E-006
   8.7060229091263028E-002     9.5278855894191938E-002    -3.1929483745957393E-006
   8.7330731715129478E-002     9.5627107816539741E-002    -3.2446173997538377E-006
   8.7579861649896160E-002     9.5948187057549372E-002    -3.2970270879428159E-006
   8.7806120607175547E-002     9.6240076104345845E-002    -3.3485701996905737E-006
   8.8008147853727806E-002     9.6500939632342422E-002    -3.3977097839574472E-006
   8.8184728402097470E-002     9.6729127525852110E-002    -3.4430312552416139E-006
   8.8334800335702970E-002     9.6923193140934449E-002    -3.4832626766875103E-006
   8.8457461249345753E-002     9.7081903555705396E-002    -3.5173006119556573E-006
   8.8551973879183690E-002     9.7204249706489859E-002    -3.5442278331302020E-006
   8.8617771622879413E-002     9.7289453902844256E-002    -3.5633310888209032E-006
   8.8654473482968801E-002     9.7336991132165276E-002    -3.5741143413594906E-006
   8.8706794254991742E-002     9.7404771643895049E-002    -3.5896434060887111E-006
   8.8892264302076557E-002     9.7645161651082488E-002    -3.6461411537650531E-006
   8.9221374442323712E-002     9.8072186318450619E-002    -3.7518740486029429E-006
   8.9686485759891091E-002     9.8676456670738377E-002    -3.9132982509616353E-006
   9.0276705744402871E-002     9.9445509058468815E-002    -4.1353314560252786E-006
   9.0978202396159294E-002    0.10036179053341318         -4.4241026838867810E-006
   9.1774533996721738E-002    0.10140528170256506         -4.7799897453190167E-006
   9.2647035533143768E-002    0.10255267525894013         -5.1983705329873087E-006
   9.3575256470690871E-002    0.10377809240604849         -5.6681241443249340E-006
   9.4537440191382285E-002    0.10505355200852358         -6.1720223279553834E-006
   9.5511033989951019E-002    0.10634957455350608         -6.6881696406040012E-006
   9.6473217710642434E-002    0.10763583059988120         -7.1925566878217571E-006
   9.7401438648189537E-002    0.10888187947150336         -7.6619122898014891E-006
   9.8273940184611566E-002    0.11005777353426127         -8.0773356519250883E-006
   9.9070271785174011E-002    0.11113498895433151         -8.4260132922999494E-006
   9.9771768436930433E-002    0.11208708783476466         -8.7026382487367113E-006
  0.10036198842144221         0.11289047807451383         -8.9090098425437508E-006
  0.10082709973900959         0.11352507923364508         -9.0523389512549290E-006
  0.10115620987925675         0.11397493188777713         -9.1424863782362583E-006
  0.10134167992634156         0.11422875255189868         -9.1889128405012481E-006
  0.10142909998832507         0.11434847133491191         -9.2096562195550808E-006
  0.10161457003540988         0.11460260318012537         -9.2512107445920757E-006
  0.10194368017565704         0.11505405036591754         -9.3163946280008401E-006
  0.10240879149322442         0.11569317351065517         -9.3888494857350497E-006
  0.10299901147773620         0.11650612062062539         -9.4451833369257887E-006
  0.10370050812949262         0.11747514138825527         -9.4556445372685110E-006
  0.10449683973005507         0.11857888063994530         -9.3858776648569073E-006
  0.10536934126647710         0.11979275796747769         -9.1994763967085313E-006
  0.10629756220402420         0.12108943753302891         -8.8617063404110557E-006
  0.10725974592471561         0.12243934609923086         -8.3443582759295132E-006
  0.10823333972328435         0.12381133159009296         -7.6303898658709301E-006
  0.10919552344397576         0.12517325824679776         -6.7194464385984115E-006
  0.11012374438152286         0.12649283855839577         -5.6307726302574738E-006
  0.11099624591794489         0.12773837506659971         -4.4051769569116578E-006
  0.11179257751850734         0.12887958115338913         -3.1039128500773890E-006
  0.11249407417026376         0.12988839148342904         -1.8047429151764240E-006
  0.11308429415477554         0.13073974337905597         -5.9528213611518763E-007
  0.11354940547234292         0.13141230212688931          4.3571137859689003E-007
  0.11387851561259008         0.13188910117837443          1.2079636038059369E-006
  0.11406398565967489         0.13215814317680574          1.6590706540193026E-006
  0.11414968787145467         0.13228226812716348          1.8683690025415520E-006
  0.11432786875056269         0.13254134716414834          2.3209878116361906E-006
  0.11464404451605320         0.13300105123356440          3.1458030912414822E-006
  0.11509087646951331         0.13365184611509096          4.3715845669690251E-006
  0.11565790018768457         0.13447961795194452          6.0312218398564724E-006
  0.11633182728300759         0.13546627162218233          8.1603986152247072E-006
  0.11709686221387611         0.13659004563281321          1.0791835962492818E-005
  0.11793507352198929         0.13782589539043613          1.3948348766945834E-005
  0.11882681440014295         0.13914596379806776          1.7635366730484959E-005
  0.11975118328833233         0.14052012330022876          2.1833452188356603E-005
  0.12068651382633432         0.14191661552864929          2.6492077479697059E-005
  0.12161088271452369         0.14330274890606437          3.1525400564228184E-005
  0.12250262359267736         0.14464567920847843          3.6811110794779476E-005
  0.12334083490079054         0.14591324955405896          4.2192256551908548E-005
  0.12410586983165905         0.14707489686089814          4.7478981317545989E-005
  0.12477979692698207         0.14810263643781824          5.2436478879933426E-005
  0.12534682064515335         0.14897211750724987          5.6715233891853952E-005
  0.12579365259861344         0.14966338992939066          5.9638106430317996E-005
  0.12610982836410395         0.15015916618992847          6.0175800255627809E-005
  0.12628800924321198         0.15043751930629229          5.9748641141181905E-005
  0.12633171927420372         0.15049941806075279          6.1285443946349633E-005
  0.12633900844218052         0.15050966420145545          6.1587271624187218E-005
  0.12635194281693718         0.15052849661054191          6.1946487349752791E-005
  0.12637022218104443         0.15055548652370659          6.2363940386235637E-005
  0.12639341844738497         0.15059004772752985          6.2827600574051103E-005
  0.12642098800381837         0.15063139534182479          6.3330406748681942E-005
  0.12645228467351230         0.15067858773610948          6.3869381130435623E-005
  0.12648657490182114         0.15073048866621169          6.4441340473230056E-005
  0.12652305496121458         0.15078589648161822          6.5040332078887108E-005
  0.12656086979371661         0.15084357984061889          6.5650917529082222E-005
  0.12659913305428339         0.15090222816293181          6.6233135638970719E-005
  0.12663694788678542         0.15096056015504208          6.6690710664687580E-005
  0.12667342794617886         0.15101731924893327          6.6820087961668318E-005
  0.12670771817448770         0.15107120702966512          6.6240577019365844E-005
  0.12673901484418162         0.15112068933154810          6.4432130276791209E-005
  0.12676658440061503         0.15116381559481312          6.1134743057923366E-005
  0.12678978066695556         0.15119868969843511          5.7006171865094275E-005
  0.12680806003106282         0.15122468018866619          5.3358884978497480E-005
  0.12682099440581948         0.15124256248958193          5.0775159650291984E-005
  0.12682828357379627         0.15125438700317290          4.8899109689876357E-005
  0.12683171927420372         0.15125907675498693          4.8916596753842065E-005
  0.12683900844218052         0.15127083423116225          5.0905604474731948E-005
  0.12685194281693718         0.15128862241416963          5.3604676002464140E-005
  0.12687022218104443         0.15131446986883426          5.7473096723323954E-005
  0.12689341844738497         0.15134919117450096          6.1996980423984112E-005
  0.12692098800381837         0.15139223392358853          6.5858055883777876E-005
  0.12695228467351230         0.15144174756031736          6.8329287222843819E-005
  0.12698657490182114         0.15149576603973158          6.9609289112333456E-005
  0.12702305496121458         0.15155272683478269          7.0187880441083088E-005
  0.12706086979371661         0.15161131285352847          7.0433770974808688E-005
  0.12709913305428339         0.15167025621890676          7.0544815529220619E-005
  0.12713694788678542         0.15172827161256797          7.0608776243648568E-005
  0.12717342794617886         0.15178406294753602          7.0656614761010431E-005
  0.12720771817448770         0.15183635849444840          7.0693436080524266E-005
  0.12723901484418162         0.15188394929545404          7.0713752609563238E-005
  0.12726658440061503         0.15192572656231695          7.0709007814922717E-005
  0.12728978066695557         0.15196071572337944          7.0671668433637449E-005
  0.12730806003106282         0.15198811081543515          7.0598664645159497E-005
  0.12732099440581948         0.15200730661190148          7.0495230614650486E-005
  0.12732828357379627         0.15201789050161116          7.0365937113413962E-005
  0.12735198124728078         0.15205202870942161          6.9898098811139921E-005
  0.12744566661023832         0.15219600412351852          7.0921365522623285E-005
  0.12761362228019366         0.15245894663976936          7.3633652108533870E-005
  0.12785487572099671         0.15283653158994120          7.6832516588183457E-005
  0.12816798062051241         0.15332522077928756          8.0288673438770001E-005
  0.12855105503514228         0.15392235271817195          8.4190342597072285E-005
  0.12900179548058457         0.15462520961415574          8.8722163959217143E-005
  0.12951749130293422         0.15543053735721540          9.4003062368805488E-005
  0.13009504111876061         0.15633446277563268          1.0011081380503209E-004
  0.13073097151317001         0.15733245276282498          1.0710272006832656E-004
  0.13142145794726823         0.15841943151068696          1.1502761159542943E-004
  0.13216234776725175         0.15958975712597989          1.2392870868404866E-004
  0.13294918518273116         0.16083726291336023          1.3384443922614953E-004
  0.13377723806632821         0.16215528379651267          1.4480747907199849E-004
  0.13464152641431526         0.16353667884126577          1.5684299429973838E-004
  0.13553685229756110         0.16497386076166531          1.6996662944737109E-004
  0.13645783112286150         0.16645878465177841          1.8418145956355762E-004
  0.13739892401675216         0.16798318849110713          1.9948008236546312E-004
  0.13835447113710167         0.16953821689015744          2.1583383190414704E-004
  0.13931872571217740         0.17111486221615249          2.3319921903912876E-004
  0.14028588860248925         0.17270383165445730          2.5151249458056071E-004
  0.14125014317756499         0.17429561709067956          2.7068874584933005E-004
  0.14220569029791449         0.17588055517662007          2.9062115498591085E-004
  0.14314678319180515         0.17744889013332693          3.1118076435562945E-004
  0.14406776201710556         0.17899082387228812          3.3221643877197251E-004
  0.14496308790035140         0.18049661149946855          3.5355650227530521E-004
  0.14582737624833844         0.18195659144887924          3.7500936515018780E-004
  0.14665542913193549         0.18336128236466376          3.9636642261474831E-004
  0.14744226654741491         0.18470131511641985          4.1740126346681734E-004
  0.14818315636739843         0.18596819672801190          4.3789166300620998E-004
  0.14887364280149665         0.18715299224914614          4.5758643949182082E-004
  0.14950957319590605         0.18824780144034559          4.7624769802925241E-004
  0.15008712301173244         0.18924512215098266          4.9363671588482320E-004
  0.15060281883408208         0.19013806317680973          5.0952297429711097E-004
  0.15105355927952438         0.19092040983441325          5.2368935904626313E-004
  0.15143663369415425         0.19158667946340480          5.3593709859303673E-004
  0.15174973859366994         0.19213218146004066          5.4609071529421009E-004
  0.15199099203447300         0.19255305800436837          5.5400216104337357E-004
  0.15215894770442834         0.19284636049329579          5.5955558103727276E-004
  0.15225263306738587         0.19300999479153200          5.6266726066645737E-004
  0.15235695050928544         0.19319228741382274          5.6614568362962914E-004
  0.15270790099632131         0.19380651639532651          5.7796478184416172E-004
  0.15333707211025482         0.19491068809216017          5.9958438881796763E-004
  0.15424082067754485         0.19650314117226322          6.3160817114578729E-004
  0.15541372873393097         0.19858100601035639          6.7490299388715813E-004
  0.15684874641589552         0.20114033591920918          7.3060559322318894E-004
  0.15853724474542050         0.20417599770279549          8.0012320134934239E-004
  0.16046906946491277         0.20768156881276892          8.8513226879577585E-004
  0.16263260262263371         0.21164918303288724          9.8757150365219072E-004
  0.16501483261666222         0.21606935335582150          1.1096280408486488E-003
  0.16760143251539214         0.22093078829815280          1.2537152528763942E-003
  0.17037684625084393         0.22622017994563454          1.4224394009276550E-003
  0.17332438218882942         0.23192197183093696          1.6185534193090267E-003
  0.17642631352170537         0.23801813100580826          1.8448971266960233E-003
  0.17966398488348437         0.24448792166808572          2.1043226072923315E-003
  0.18301792454771318         0.25130766194110354          2.3996031714596123E-003
  0.18646796153412484         0.25845051156305410          2.7333278640255827E-003
  0.18999334692017097         0.26588627281236299          3.1077815151301594E-003
  0.19357287862806849         0.27358122340426705          3.5248127961100811E-003
  0.19718502893699977         0.28149798913324003          3.9856932807414997E-003
  0.20080807395366693         0.28959547407466918          4.4909721568458551E-003
  0.20442022426259820         0.29782886374695555          5.0403323262883312E-003
  0.20799975597049572         0.30614964229277697          5.6324498544403495E-003
  0.21152514135654185         0.31450577927052625          6.2648730014386259E-003
  0.21497517834295352         0.32284200914604877          6.9339242438850347E-003
  0.21832911800718233         0.33110007250219220          7.6346232338042400E-003
  0.22156678936896132         0.33921924760874866          8.3606612669303061E-003
  0.22466872070183727         0.34713678755289845          9.1044072599911173E-003
  0.22761625663982277         0.35478901417070602          9.8570098804493245E-003
  0.23039167037527455         0.36211118664371877          1.0608450197339397E-002
  0.23297827027400447         0.36903925149593819          1.1347796251144904E-002
  0.23536050026803298         0.37551029227022092          1.2063404255267675E-002
  0.23752403342575393         0.38146359590371470          1.2743216802697056E-002
  0.23945585814524620         0.38684162964948116          1.3375094525554864E-002
  0.24114435647477117         0.39159104756418889          1.3947181345289147E-002
  0.24257937415673572         0.39566364819865935          1.4448283861995870E-002
  0.24375228221312184         0.39901730632774973          1.4868252458808191E-002
  0.24465603078041187         0.40161675630272919          1.5198336730589519E-002
  0.24528520189434538         0.40343438365463075          1.5431514973662415E-002
  0.24563615238138126         0.40445107741222414          1.5562796538914139E-002
  0.24576367735333840         0.40482100031684143          1.5610715561885227E-002
  0.24595653097965944         0.40538096557576464          1.5683405713842399E-002
  0.24630329165224615         0.40638941882620006          1.5814781908213504E-002
  0.24680369766348700         0.40784829244458393          1.6005901765975994E-002
  0.24745726952323566         0.40976007935294595          1.6258264948778960E-002
  0.24826337089423084         0.41212801279921651          1.6573847891758631E-002
  0.24922121489995266         0.41495608145674817          1.6955121046275456E-002
  0.25032986595345952         0.41824904359140186          1.7405069424193457E-002
  0.25158824095332943         0.42201243417312739          1.7927216287751676E-002
  0.25299511043569189         0.42625256231078745          1.8525649869943702E-002
  0.25454909981199669         0.43097652779652879          1.9205056310240731E-002
  0.25624869072804884         0.43619224306351301          1.9970757712166731E-002
  0.25809222255519604         0.44190839454033631          2.0828748326090159E-002
  0.26007789401682496         0.44813449780153708          2.1785745802125788E-002
  0.26220376495049991         0.45488088883848388          2.2849240895625723E-002
  0.26446775820489088         0.46215869337932630          2.4027550026172285E-002
  0.26686766167005860         0.46997992042132081          2.5329888230210852E-002
  0.26940113043932656         0.47835736602135953          2.6766426500295683E-002
  0.27206568910074336         0.48730467287764018          2.8348374033454020E-002
  0.27485873415596040         0.49683636725182984          3.0088065857515202E-002
  0.27777753656419779         0.50696778664867426          3.1999044636437463E-002
  0.28081924440883738         0.51771506413232804          3.4096157348005314E-002
  0.28398088568404795         0.52909519397384364          3.6395672186307307E-002
  0.28725937119873135         0.54112596732243556          3.8915388241696797E-002
  0.29065149759495607         0.55382596493414027          4.1674763045693196E-002
  0.29415395047793252         0.56721450710668431          4.4695045179202773E-002
  0.29776330765447573         0.58131165701000720          4.7999426728971409E-002
  0.30147604247679100         0.59613814695487710          5.1613197185854054E-002
  0.30528852728831840         0.61171531884829500          5.5563912604129656E-002
  0.30919703696826800         0.62806507529716360          5.9881580984365246E-002
  0.31319775257138527         0.64520971121267834          6.4598842275273238E-002
  0.31728676505938885         0.66317188818431949          6.9751187835792927E-002
  0.32146007912043628         0.68197448263589899          7.5377175096551896E-002
  0.32571361707288554         0.70164038854802857          8.1518649362749121E-002
  0.33004322284953802         0.72219241931175937          8.8221001291800161E-002
  0.33444466605847056         0.74365292089123336          9.5533383812844652E-002
  0.33891364611648905         0.76604358285508134         0.10350898164501941     
  0.34344579645116358         0.78938552138606166         0.11220536109921866     
  0.34803668876734162         0.81369798904901613         0.12168452857294232     
  0.35268183737396852         0.83899886417115954         0.13201338919988120     
  0.35737670356698881         0.86530382682047913         0.14326392567642354     
  0.36211670006404573         0.89262578222922939         0.15551342724647405     
  0.36689719548664557         0.92097436453922099         0.16884473546776121     
  0.37171351888540749         0.95035515154214956         0.18334640392944734     
  0.37656096430397784         0.98076877725563383         0.19911280115350036     
  0.38143479537714881          1.0122104944301153         0.21624431123612289     
  0.38633024995868914          1.0446684919548772         0.23484711708146017     
  0.39124254477436532          1.0781234944461118         0.25503329097312494     
  0.39616688009560597          1.1125471855362761         0.27692043595918553     
  0.40109844442924442          1.1479011641297241         0.30063136908980098     
  0.40603241921875549          1.1841355089293686         0.32629352351249241     
  0.41096398355239394          1.2211871296816130         0.35403807117624042     
  0.41588831887363459          1.2589786671254475         0.38399901482733151     
  0.42080061368931077          1.2974168358497922         0.41631179681754404     
  0.42569606827085110          1.3363909778485501         0.45111165026863848     
  0.43056989934402207          1.3757715575545828         0.48853153095398022     
  0.43541734476259242          1.4154090384188447         0.52869976574748345     
  0.44023366816135434          1.4551326859268052         0.57173716043079670     
  0.44501416358395418          1.4947503240305009         0.61775401293043253     
  0.44975416008101110          1.5340472236889322         0.66684607754703484     
  0.45444902627403139          1.5727864126826099         0.71909056142610461     
  0.45909417488065829          1.6107113379450997         0.77454285188241767     
  0.46368506719683633          1.6475443678346648         0.83323019146163835     
  0.46821721753151085          1.6829916306921406         0.89514837145167347     
  0.47268619758952934          1.7167455499698285         0.96025662476221385     
  0.47708764079846189          1.7484899342794722          1.0284737454300223     
  0.48141724657511437          1.7779050702426451          1.0996740462178942     
  0.48567078452756363          1.8046746129646447          1.1736846393138909     
  0.48984409858861105          1.8284906016409330          1.2502815077434641     
  0.49393311107661464          1.8490709961253908          1.3291967136913105     
  0.49793382667973191          1.8661510818490326          1.4101048839757242     
  0.50184233635968156          1.8795080734835998          1.4926390788892827     
  0.50565482117120886          1.8889658903141393          1.5763927421183206     
  0.50936755599352423          1.8943949758664027          1.6609179532578060     
  0.51297691317006733          1.8957288293932553          1.7457429774488327     
  0.51647936605304379          1.8929638641826312          1.8303764575883561     
  0.51987149244926856          1.8861635618191619          1.9143186641352226     
  0.52314997796395202          1.8754598307661487          1.9970728129555799     
  0.52631161923916259          1.8610512135525110          2.0781553755047155     
  0.52935332708380212          1.8431997403510301          2.1571070099518135     
  0.53227212949203950          1.8222245269160762          2.2335008891654171     
  0.53506517454725655          1.7984974987634672          2.3069555029897493     
  0.53772973320867334          1.7724285000031337          2.3771317125456450     
  0.54026320197794131          1.7444614833009491          2.4437460391482455     
  0.54266310544310903          1.7150609856888783          2.5065676745913290     
  0.54492709869750000          1.6847033228401471          2.5654208545197101     
  0.54705296963117500          1.6538661432781239          2.6201818209099410     
  0.54903864109280387          1.6230196887141548          2.6707756678819385     
  0.55088217291995112          1.5926188392568699          2.7171713401343909     
  0.55258176383600321          1.5630963665393032          2.7593755556933548     
  0.55413575321230801          1.5348578242826834          2.7974268567134364     
  0.55554262269467047          1.5082769946448644          2.8313877186177572     
  0.55680099769454039          1.4836933950526354          2.8613386357609985     
  0.55790964874804727          1.4614096246965005          2.8873694981647864     
  0.55886749275376912          1.4416915227591880          2.9095762722288829     
  0.55967359412476425          1.4247663757888664          2.9280515361534309     
  0.56032716598451293          1.4108240131022283          2.9428818984821987     
  0.56082757199575373          1.4000106310054261          2.9541251166339384     
  0.56117433266834049          1.3924634974525463          2.9619038529211790     
  0.56136718629466154          1.3882380669010808          2.9661997308990160     
  0.56147328097211846          1.3859065960473098          2.9685582445483876     
  0.56173258153772898          1.3801869527416744          2.9743059532953606     
  0.56219619748362359          1.3698856420700314          2.9845246583867717     
  0.56285931863047545          1.3549823395541343          2.9989988698351659     
  0.56371492856248251          1.3352679619656045          3.0168211633985003     
  0.56475396068663608          1.3113866034409185          3.0395938903327022     
  0.56596540204068757          1.2827009717032336          3.0647990839504464     
  0.56733641147305558          1.2495160606593485          3.0926384079720468     
  0.56885245614640489          1.2119580475665948          3.1225380231429622     
  0.57049746571772320          1.1702177624808006          3.1538726340982439     
  0.57225400273818827          1.1245699951802515          3.1860142557641384     
  0.57410344751658637          1.0753723622832494          3.2183207983230484     
  0.57602619550337830          1.0230738775792483          3.2501791853480260     
  0.57800186510942597         0.96820991854720861          3.2810152070125493     
  0.58000951375911458         0.91139642980838409          3.3103216764176553     
  0.58202785988888528         0.85331612731453488          3.3376695425004566     
  0.58403550853857389         0.79470256650726534          3.3627253033829740     
  0.58601117814462156         0.73632016925210930          3.3852575313946418     
  0.58793392613141349         0.67894312570648507          3.4051389859767123     
  0.58978337090981159         0.62333448498212907          3.4223427519734790     
  0.59153990793027666         0.57022689612974065          3.4369322826070174     
  0.59318491750159497         0.52030641634791230          3.4490497459419673     
  0.59470096217494428         0.47419956846165789          3.4588943802773917     
  0.59607197160731229         0.43246494712404193          3.4667104443633732     
  0.59728341296136378         0.39558801946066791          3.4727620498102452     
  0.59832244508551735         0.36397964263733229          3.4773170723579585     
  0.59917805501752441         0.33797698757475769          3.4806319499287932     
  0.59984117616437627         0.31784619178291690          3.4829306061701835     
  0.60030479211027088         0.30378565384567319          3.4843982576734653     
  0.60056409267588140         0.29592710653284099          3.4851693540451154     
  0.60067255699090005         0.29264115859923590          3.4854812927128522     
  0.60087552391581156         0.28649429418543321          3.4860482477620658     
  0.60124046881592974         0.27544900584954096          3.4870117322953464     
  0.60176711625962209         0.25952670938110201          3.4882821834038928     
  0.60245496161214362         0.23876424138117502          3.4897205836656298     
  0.60330333516652757         0.21321403975908734          3.4911552463575659     
  0.60431140878222722         0.18294740692712877          3.4923734970390719     
  0.60547819780985779         0.14805682211705262          3.4931476361765177     
  0.60680256234985297         0.10866217728242616          3.4931925801428525     
  0.60828320846490991          6.4912202343627046E-002     3.4922179501960917     
  0.60991868948266703          1.6989160071408549E-002     3.4899126971037799     
  0.61170740742600671         -3.4887562488399082E-002     3.4859499749027689     
  0.61364761458244144         -9.0462334656855325E-002     3.4800231385836118     
  0.61573741521590430        -0.14942574208541015          3.4717321843839160     
  0.61797476742129342        -0.21144667017063162          3.4608387428815583     
  0.62035748512087718        -0.27613777745902984          3.4470100451067736     
  0.62288324020104657        -0.34307457490725585          3.4299603503609783     
  0.62554956478755741        -0.41178789440393043          3.4094010228508806     
  0.62835385365715701        -0.48173006717561850          3.3849087480273496     
  0.63129336678330839        -0.55024492559071791          3.3559374212486892     
  0.63436523201356310        -0.61868591490678204          3.3272227674848218     
  0.63756644787599059        -0.68923763339064503          3.2960551507184586     
  0.64089388651193535        -0.76133433537256945          3.2612184716780934     
  0.64434429673224602        -0.83437806387487068          3.2217552028187795     
  0.64791430719399723        -0.90751432586710168          3.1763589079782575     
  0.65160042969460108        -0.97601874706625225          3.1232263020478266     
  0.65539906258009639         -1.0393350543138435          3.0697764461536905     
  0.65930649426428278         -1.1002130426258081          3.0144187429280569     
  0.66331890685526640         -1.1581942940425691          2.9570086629877048     
  0.66743237988587201         -1.2130167540237715          2.8977783029083586     
  0.67164289414427802         -1.2645014906130840          2.8370416250566302     
  0.67594633560113260         -1.3125305135142225          2.7751348039653658     
  0.68033849942931246         -1.3570448883805879          2.7124054623338640     
  0.68481509411239971         -1.3980337197295865          2.6491916403368592     
  0.68937174563785875         -1.4355308909743238          2.5858178914189893     
  0.69400400177082044         -1.4695981941023617          2.5225742660633030     
  0.69870733640429383         -1.5003459299277426          2.4597500397080441     
  0.70347715398155886         -1.5278980085443346          2.3975899658814614     
  0.70830879398641522         -1.5524020950333102          2.3363153749624983     
  0.71319753549690346         -1.5740201980081228          2.2761180749888599     
  0.71813860179804667         -1.5929253265663239          2.2171625620173945     
  0.72312716504910657         -1.6093003682451581          2.1595903200416049     
  0.72815835100079429         -1.6233132238086601          2.1034984045020693     
  0.73322724375782522         -1.6351582809055494          2.0489896409946131     
  0.73832889058216644         -1.6450082249032540          1.9961251385503722     
  0.74345830673228197         -1.6530350600107546          1.9449515035684719     
  0.74861048033364819         -1.6594049159238180          1.8954989314617146     
  0.75378037727578084         -1.6642758232425452          1.8477822541359827     
  0.75896294613098791         -1.6677990606348643          1.8018048995496301     
  0.76415312309004302         -1.6701072670235120          1.7575508318193427     
  0.76934583690995695         -1.6713393764543125          1.7150083903345190     
  0.77453601386901205         -1.6716099737621435          1.6741452815830888     
  0.77971858272421912         -1.6708432638285251          1.6347792676635313     
  0.78488847966635178         -1.6697527826601353          1.5973577762784483     
  0.79004065326771800         -1.6677929199483448          1.5613300173459199     
  0.79517006941783352         -1.6652787245497518          1.5268331674644984     
  0.80027171624217475         -1.6622855579074056          1.4938180247982336     
  0.80534060899920568         -1.6588844034518184          1.4622363986358065     
  0.81037179495089340         -1.6551403957730237          1.4320401237050628     
  0.81536035820195329         -1.6511120275451410          1.4031806272491019     
  0.82030142450309651         -1.6468525672648620          1.3756100146002561     
  0.82519016601358475         -1.6424092529981367          1.3492805392225182     
  0.83002180601844111         -1.6378267533091593          1.3241469001290398     
  0.83479162359570613         -1.6331369085873333          1.3001594662013713     
  0.83949495822917952         -1.6283805220165168          1.2772784409492011     
  0.84412721436214122         -1.6235853614536995          1.2554593775135490     
  0.84868386588760025         -1.6187796067477094          1.2346617923542940     
  0.85316046057068751         -1.6139849794376593          1.2148446942370759     
  0.85755262439886737         -1.6092247224184504          1.1959713733836312     
  0.86185606585572194         -1.6045168839519621          1.1780051175924684     
  0.86606658011412796         -1.5998781444410872          1.1609114141869350     
  0.87018005314473357         -1.5953227919605595          1.1446571860458643     
  0.87419246573571718         -1.5908637770513998          1.1292112688029405     
  0.87809989741990357         -1.5865122247202208          1.1145439853581334     
  0.88189853030539889         -1.5822779910348235          1.1006273331352916     
  0.88558465280600274         -1.5781698422710522          1.0874349524592939     
  0.88915466326775394         -1.5741927713606354          1.0749405311418085     
  0.89260507348806462         -1.5703559386421035          1.0631220662495025     
  0.89593251212400937         -1.5666639745543922          1.0519569463191740     
  0.89913372798643687         -1.5631206444240309          1.0414238920149688     
  0.90220559321669158         -1.5597307491832968          1.0315038641816379     
  0.90514510634284295         -1.5564974643824885          1.0221785372405394     
  0.90794939521244256         -1.5534236347654389          1.0134309092919325     
  0.91061571979895339         -1.5505104559863068          1.0052445340959910     
  0.91314147487912278         -1.5477613856672530         0.99760547959699686     
  0.91552419257870654         -1.5451773678368235         0.99049976949714713     
  0.91776154478409566         -1.5427597450754091         0.98391483488999232     
  0.91985134541755853         -1.5405094590501027         0.97783903848485632     
  0.92179155257399326         -1.5384275220783410         0.97226185871937854     
  0.92358027051733294         -1.5365142983390783         0.96717347440296386     
  0.92521575153509006         -1.5347702307578204         0.96256508663408780     
  0.92669639765014700         -1.5331958357325346         0.95842887115779396     
  0.92802076219014218         -1.5317913758997042         0.95475777575262444     
  0.92918755121777274         -1.5305569125882745         0.95154551318595249     
  0.93019562483347240         -1.5294927543997892         0.94878675321032468     
  0.93104399838785634         -1.5285988830588941         0.94647681064924272     
  0.93173184374037787         -1.5278752031476153         0.94461174639857859     
  0.93225849118407023         -1.5273218097083379         0.94318847750654156     
  0.93262343608418841         -1.5269387289134886         0.94220462050170961     
  0.93282640300909991         -1.5267257392766989         0.94165825358788746     
  0.93291801725723589         -1.5266296164282767         0.94141182722932371     
  0.93310580403251342         -1.5264327752430777         0.94090715985681128     
  0.93344246125040553         -1.5260798820713977         0.94000359921923560     
  0.93392603951965514         -1.5255724339656584         0.93870811111986951     
  0.93455363979303296         -1.5249163465308431         0.93703267954518532     
  0.93532148982577801         -1.5241145972807977         0.93499042921920927     
  0.93622497241969338         -1.5231728673849585         0.93259820272056171     
  0.93725865422916710         -1.5220976045693193         0.92987539860034751     
  0.93841631871433695         -1.5208962330592504         0.92684383804346870     
  0.93969100362025171         -1.5195768598832859         0.92352736703097715     
  0.94107504288464539         -1.5181478324635094         0.91995137599029153     
  0.94256011275830043         -1.5166195163846290         0.91614338402844631     
  0.94413728187262169         -1.5150019081382795         0.91213161003016430     
  0.94579706495784543         -1.5133054835408377         0.90794511614885542     
  0.94752947989070979         -1.5115315321809144         0.90360895538132746     
  0.94932410772935594         -1.5097146569736326         0.89916413778035165     
  0.95117015537481853         -1.5078552018623630         0.89463523259048106     
  0.95305652048246559         -1.5059642132424598         0.89005160292561813     
  0.95497185823311848         -1.5040482373830322         0.88544001530501948     
  0.95690464956234866         -1.5021245253946487         0.88083160517342463     
  0.95884327043765116         -1.5002050251123491         0.87625421535355064     
  0.96077606176688135         -1.4983003798748546         0.87173418170703398     
  0.96269139951753424         -1.4964223868545568         0.86729738522234578     
  0.96457776462518130         -1.4945811615733147         0.86296787206118664     
  0.96642381227064389         -1.4927887397838848         0.85876945982413821     
  0.96821844010929003         -1.4910534669770699         0.85472313559640889     
  0.96995085504215439         -1.4893887002080590         0.85085100611740616     
  0.97161063812737813         -1.4878002729831916         0.84717059307018838     
  0.97318780724169940         -1.4862977255375416         0.84369994345453225     
  0.97467287711535444         -1.4848888030715188         0.84045514422217649     
  0.97605691637974812         -1.4835809183953459         0.83745100421709717     
  0.97733160128566288         -1.4823812896847455         0.83470113727907103     
  0.97848926577083273         -1.4812952878671466         0.83221725099265542     
  0.97952294758030645         -1.4803300546299207         0.83001078519212468     
  0.98042643017422182         -1.4794872253678755         0.82808970416373318     
  0.98119428020696686         -1.4787738822371763         0.82646338368283723     
  0.98182188048034469         -1.4781916705198779         0.82513780446999330     
  0.98230545874959430         -1.4777441626776551         0.82411883223562254     
  0.98264211596748641         -1.4774328113439799         0.82341043222736776     
  0.98282990274276394         -1.4772592935710032         0.82301561477493990     
  0.98294797967000413         -1.4771503662927001         0.82276746828934766     
  0.98326388579693513         -1.4768585255313125         0.82210393104761037     
  0.98383190115209618         -1.4763342181987213         0.82091324407299615     
  0.98465159704228877         -1.4755777061732802         0.81919997592387772     
  0.98572218803309841         -1.4745919323818386         0.81697205986359245     
  0.98704263176486895         -1.4733769947324082         0.81423811969965820     
  0.98861163928535978         -1.4719397693376213         0.81101156270128238     
  0.99042767804549325         -1.4702802624858022         0.80730448611313710     
  0.99248897385838042         -1.4684045055182502         0.80313316632014176     
  0.99479351278642048         -1.4663176179073658         0.79851487214112526     
  0.99733904316884181         -1.4640244106257105         0.79346796859871027     
   1.0001230778478856         -1.4615311547664320         0.78801250412380941     
   1.0031428966114619         -1.4588454099822776         0.78216994751225177     
   1.0063955488574527         -1.4559730378893199         0.77596174050153233     
   1.0098778564802009         -1.4529220478312441         0.76941075289032534     
   1.0135864169777979         -1.4497000692374069         0.76254003624780065     
   1.0175176067778138         -1.4463150764298880         0.75537296564947032     
   1.0216675847785788         -1.4427777045249155         0.74793402667336850     
   1.0260322961027377         -1.4390937129742876         0.74024557982009997     
   1.0306074760595227         -1.4352738061070118         0.73233175268887463     
   1.0353886543119253         -1.4313265242062398         0.72421541238058729     
   1.0403711592447393         -1.4272601999158829         0.71591887179178437     
   1.0455501225292265         -1.4230852024056211         0.70746468144615693     
   1.0509204838799584         -1.4188092577073468         0.69887371008520516     
   1.0564769959991955         -1.4144421588732889         0.69016693670655138     
   1.0622142297039818         -1.4099923020843532         0.68136405405652345     
   1.0681265792309447         -1.4054683464717905         0.67248408461813014     
   1.0742082677136231         -1.4008777370421910         0.66354480752909772     
   1.0804533528269715         -1.3962299393036850         0.65456395828468938     
   1.0868557325935293         -1.3915315664712957         0.64555742253549497     
   1.0934091513455793         -1.3867897793726756         0.63654052053405474     
   1.1001072058374728         -1.3820121022194845         0.62752794683941926     
   1.1069433515021514         -1.3772045695713924         0.61853313645365282     
   1.1139109088457468         -1.3723737324893162         0.60956901602281444     
   1.1210030699740183         -1.3675250083614099         0.60064745962808619     
   1.1282129052442449         -1.3626640316832612         0.59177980058324420     
   1.1355333700360775         -1.3577957010910005         0.58297654263344501     
   1.1429573116347311         -1.3529247082059079         0.57424758255648067     
   1.1504774762197969         -1.3480552989649919         0.56560216882870129     
   1.1580865159528406         -1.3431915634384874         0.55704903374011139     
   1.1657769961568649         -1.3383370201275204         0.54859629149105837     
   1.1735414025806206         -1.3334958006440374         0.54025184417807903     
   1.1813721487406683         -1.3286704162983867         0.53202269712130668     
   1.1892615833340170         -1.3238644862104443         0.52391583880679748     
   1.1972019977140955         -1.3190809158483565         0.51593767863900342     
   1.2051856334227560         -1.3143227920030911         0.50809433175563135     
   1.2132046897709445         -1.3095929683818621         0.50039149297005703     
   1.2212513314606377         -1.3048946874800824         0.49283461702052428     
   1.2293176962405923         -1.3002300334629824         0.48542845792115130     
   1.2373959025884329         -1.2956029958921353         0.47817794733318192     
   1.2454780574115671         -1.2910163643877304         0.47108727576469261     
   1.2535562637594078         -1.2864733300329492         0.46416034162979197     
   1.2616226285393624         -1.2819773380406272         0.45740068831140490     
   1.2696692702290555         -1.2775317937881230         0.45081140568091405     
   1.2776883265772441         -1.2731402536005647         0.44439516916870692     
   1.2856719622859045         -1.2688063892561778         0.43815421849125930     
   1.2936123766659831         -1.2645335330470864         0.43209023139338493     
   1.3015018112593317         -1.2603259657807118         0.42620466122581757     
   1.3093325574193795         -1.2561873101436449         0.42049831672710752     
   1.3170969638431351         -1.2521212848132819         0.41497157273249857     
   1.3247874440471594         -1.2481315873054353         0.40962435550854298     
   1.3323964837802031         -1.2442218256071065         0.40445614768703431     
   1.3399166483652689         -1.2403955593338876         0.39946602632201433     
   1.3473405899639226         -1.2366561087301053         0.39465264841480763     
   1.3546610547557552         -1.2330069576853515         0.39001438616511380     
   1.3618708900259817         -1.2294499012163203         0.38554892083101033     
   1.3689630511542532         -1.2259888554862499         0.38125420337758376     
   1.3759306084978487         -1.2226257523897901         0.37712750956367613     
   1.3827667541625273         -1.2193627172149832         0.37316600879487116     
   1.3894648086544208         -1.2162022665442809         0.36936684837109912     
   1.3960182274064707         -1.2131453059672064         0.36572673035522824     
   1.4024206071730285         -1.2101932272984313         0.36224243982354071     
   1.4086656922863769         -1.2073474159615816         0.35891076330495097     
   1.4147473807690554         -1.2046084333440552         0.35572833656410968     
   1.4206597302960182         -1.2019768745147095         0.35269186950819298     
   1.4263969640008045         -1.1994530425870149         0.34979809756960051     
   1.4319534761200416         -1.1970371143064449         0.34704384027067614     
   1.4373238374707735         -1.1947288765444830         0.34442596094076705     
   1.4425028007552607         -1.1925281344235006         0.34194147085113691     
   1.4474853056880748         -1.1904344076565729         0.33958747310307108     
   1.4522664839404773         -1.1884471319132748         0.33736121422533094     
   1.4568416638972623         -1.1865657062028467         0.33526009865330569     
   1.4612063752214213         -1.1847899944430458         0.33328179723426071     
   1.4653563532221863         -1.1831169716594339         0.33142353350924880     
   1.4692875430222021         -1.1815482969308644         0.32968369323979879     
   1.4729961035197991         -1.1800813944953370         0.32805992451036631     
   1.4764784111425473         -1.1787164332836966         0.32655061288112908     
   1.4797310633885381         -1.1774518799348153         0.32515393630151240     
   1.4827508821521145         -1.1762864125768988         0.32386826326549745     
   1.4855349168311582         -1.1752207765171250         0.32269253028344197     
   1.4880804472135796         -1.1742524066876370         0.32162511575306696     
   1.4903849861416196         -1.1733810284251693         0.32066499881602051     
   1.4924462819545068         -1.1726060589729825         0.31981121111943467     
   1.4942623207146402         -1.1719266030992117         0.31906283032456412     
   1.4958313282351310         -1.1713421461327955         0.31841911701920439     
   1.4971517719669016         -1.1708520823792223         0.31787941180386597     
   1.4982223629577112         -1.1704560059905706         0.31744319000875199     
   1.4990420588479039         -1.1701534692830817         0.31711000722610821     
   1.4996100742030649         -1.1699441982769772         0.31687953691422704     
   1.4999259803299960         -1.1698277858075918         0.31675147215497246     
   1.5005009781464778         -1.1696164743294031         0.31651870858206499     
   1.5026390863807073         -1.1688335379022727         0.31565618841999998     
   1.5064835142170310         -1.1674364209657986         0.31411696819763840     
   1.5120313601844739         -1.1654450188306384         0.31192159234797634     
   1.5192773083247644         -1.1628879383191879         0.30909859285912600     
   1.5282143037644003         -1.1598019965107196         0.30568263723279543     
   1.5388336226478929         -1.1562314786844667         0.30171251239826036     
   1.5511248924135139         -1.1522271864605143         0.29722889765596139     
   1.5650761050523228         -1.1478452842126956         0.29227207211981382     
   1.5806736298803894         -1.1431450146225166         0.28687955245544500     
   1.5979022272615520         -1.1381874037745903         0.28108424445061364     
   1.6167450636746108         -1.1330321251837165         0.27491270982649751     
   1.6371837282456656         -1.1277360880245615         0.26838431555666897     
   1.6591982507805731         -1.1223494635087532         0.26151049265371507     
   1.6827671213012279         -1.1169153656695203         0.25429518573691640     
   1.7078673110762177         -1.1114662561303437         0.24673513123776025     
   1.7344742951299619         -1.1060230232372943         0.23882089431377665     
   1.7625620762107153         -1.1005934841103779         0.23053795327772192     
   1.7921032101952985         -1.0951709743972400         0.22186788110490646     
   1.8230688329064417         -1.0897329337880697         0.21278962360810116     
   1.8554286883169495         -1.0842386913059610         0.20328089528772006     
   1.8891511581133829         -1.0786272586204071         0.19332012343178284     
   1.9242032925905126         -1.0728125870891134         0.18288912211661051     
   1.9605508428464637         -1.0666769175207151         0.17197752857693516     
   1.9981582942471512         -1.0600599123921173         0.16059022128628153     
   2.0369889011273465         -1.0527363984547873         0.14875948895788282     
   2.0770047226945034         -1.0443180571409245         0.13656013613972856     
   2.1181666601002735         -1.0341180298121728         0.12485981743255067     
   2.1604344946435114         -1.0232547414187427         0.11467922038576756     
   2.2037669270674369         -1.0122402845715002         0.10559856891012911     
   2.2481216179125827         -1.0012665109278491          9.7478769517892444E-002
   2.2934552288860850        -0.99046223479860163          9.0198893275378972E-002
   2.3397234652069150        -0.97991000954615926          8.3654228882996562E-002
   2.3868811188856656        -0.96966150852292798          7.7754472425777432E-002
   2.4348821128966236        -0.95974858011916597          7.2421899508323492E-002
   2.4836795461989452        -0.95018905611954441          6.7589537837133798E-002
   2.5332257395629725        -0.94099469827351256          6.3199768787602570E-002
   2.5834722821568974        -0.93215578322177295          5.9202039945674419E-002
   2.6343700788482618        -0.92368024374923452          5.5553561058105778E-002
   2.6858693981740740        -0.91555766710496522          5.2216440901690420E-002
   2.7379199209326739        -0.90777923571266028          4.9157805422759895E-002
   2.7904707893498690        -0.90033462825475852          4.6348905905686300E-002
   2.8434706567712955        -0.89321251352882602          4.3764528537233255E-002
   2.8968677378324621        -0.88640093536980313          4.1382497951726063E-002
   2.9506098590574443        -0.87988800598485062          3.9183271623450505E-002
   3.0046445098368006        -0.87366130862210201          3.7149556065317536E-002
   3.0589188937348930        -0.86770928447622264          3.5266046353956207E-002
   3.1133799800764859        -0.86201979372990423          3.3519118789650471E-002
   3.1679745557622145        -0.85658147720621713          3.1896652959542228E-002
   3.2226492772622994        -0.85138331490747510          3.0387827762671668E-002
   3.2773507227377006        -0.84641490996224733          2.8982967018947446E-002
   3.3320254442377855        -0.84166514187712727          2.7673365726141177E-002
   3.3866200199235141        -0.83712496087747201          2.6451242819972194E-002
   3.4410811062651070        -0.83278493277574284          2.5309573258610538E-002
   3.4953554901631994        -0.82863597887199980          2.4242018720389162E-002
   3.5493901409425557        -0.82466963175851904          2.3242855584464411E-002
   3.6031322621675379        -0.82087805217957532          2.2306906829451668E-002
   3.6565293432287045        -0.81725318773893918          2.1429465337379112E-002
   3.7095292106501310        -0.81378809963618604          2.0606270137541169E-002
   3.7620800790673261        -0.81047577298949258          1.9833436352687792E-002
   3.8141306018259260        -0.80730972729153927          1.9107427991036360E-002
   3.8656299211517382        -0.80428373448467461          1.8425017417464593E-002
   3.9165277178431026        -0.80139202510817809          1.7783258254831728E-002
   3.9667742604370275        -0.79862929935651372          1.7179457927262175E-002
   4.0163204538010548        -0.79598964374051384          1.6611135569225745E-002
   4.0651178871033764        -0.79346886621650348          1.6076039462852371E-002
   4.1131188811143344        -0.79106195221383957          1.5572085737883785E-002
   4.1602765347930850        -0.78876468381249176          1.5097367937350080E-002
   4.2065447711139150        -0.78657269478993286          1.4650127000920809E-002
   4.2518783820874173        -0.78448218995633756          1.4228748698110241E-002
   4.2962330729325631        -0.78248951563724189          1.3831744943236527E-002
   4.3395655053564886        -0.78059111198695674          1.3457742448001967E-002
   4.3818333398997265        -0.77878365237902680          1.3105475018148984E-002
   4.4229952773054961        -0.77706413979069644          1.2773775998582168E-002
   4.4630110988726539        -0.77542962181068753          1.2461566588226669E-002
   4.5018417057528488        -0.77387862074740521          1.2167866764885705E-002
   4.5394491571535358        -0.77240471000553412          1.1891708825782995E-002
   4.5757967074094879        -0.77100921788626031          1.1632289964855332E-002
   4.6108488418866171        -0.76968876413777654          1.1388811619049248E-002
   4.6445713116830500        -0.76844091337776721          1.1160545597854007E-002
   4.6769311670935583        -0.76726425922556130          1.0946829896626294E-002
   4.7078967898047015        -0.76615632651274856          1.0747040500105557E-002
   4.7374379237892850        -0.76511561218291790          1.0560611518978665E-002
   4.7655257048700381        -0.76414236683757242          1.0387039840409330E-002
   4.7921326889237825        -0.76322937237094712          1.0225781974447453E-002
   4.8172328786987721        -0.76236983182780382          1.0076340521950625E-002
   4.8408017492194269        -0.76159384380421580          9.9386438980896448E-003
   4.8628162717543342        -0.76086693742653777          9.8119694422728609E-003
   4.8832549363253897        -0.76019889734438262          9.6960966702280774E-003
   4.9020977727384478        -0.75958899948737257          9.5907238600639513E-003
   4.9193263701196104        -0.75903624094817335          9.4955753898603341E-003
   4.9349238949476772        -0.75853986868436962          9.4104058571623204E-003
   4.9488751075864865        -0.75809881272331880          9.3349931832827360E-003
   4.9611663773521073        -0.75771278699175082          9.2691485776339490E-003
   4.9717856962355995        -0.75738110283225069          9.2127037390300915E-003
   4.9807226916752354        -0.75710327968829594          9.1655161800775365E-003
   4.9879686398155263        -0.75687887092994177          9.1274668121380971E-003
   4.9935164857829690        -0.75670760579008722          9.0984607238476390E-003
   4.9973609136192927        -0.75658922513512339          9.0784248229830982E-003
   4.9994990218535218        -0.75652337908051814          9.0673032338378159E-003
   5.0007156830663968        -0.75648577546382545          9.0609802180769417E-003
   5.0037701234010106        -0.75639194742439397          9.0451337605814211E-003
   5.0092621631671870        -0.75622367811176339          9.0167239837544225E-003
   5.0171876574063914        -0.75598156791126936          8.9759105593855137E-003
   5.0275390118925207        -0.75566698150518663          8.9229339101193888E-003
   5.0403061482348575        -0.75528072433579252          8.8580947169641499E-003
   5.0554766037827044        -0.75482482409454010          8.7817666575646016E-003
   5.0730355605907338        -0.75430118091418252          8.6943787156661904E-003
   5.0929658643604609        -0.75371196526653861          8.5964137151084939E-003
   5.1152480426862708        -0.75305964475388687          8.4884027685700036E-003
   5.1398603246593595        -0.75234690474398092          8.3709183550144794E-003
   5.1667786623923018        -0.75157646004968848          8.2445662039778052E-003
   5.1959767546366651        -0.75075143123962229          8.1099821626673257E-003
   5.2274260725436754        -0.74987498001277708          7.9678223204761641E-003
   5.2610958875731821        -0.74895012244822123          7.8187550250053521E-003
   5.2969533015374539        -0.74798039185240262          7.6634604092376754E-003
   5.3349632787570886        -0.74696914035714035          7.5026183837525106E-003
   5.3750886803010216        -0.74591945222344236          7.3369025634212638E-003
   5.4172903002789976        -0.74483553149185699          7.1669864235279577E-003
   5.4615269041520591        -0.74372002029385165          6.9935169317782500E-003
   5.5077552690242140        -0.74257652642650318          6.8171309506690767E-003
   5.5559302258762617        -0.74140838743913140          6.6384416567643158E-003
   5.6060047037007319        -0.74021883135051036          6.4580368697480647E-003
   5.6579297754949476        -0.73901205341549603          6.2764842289961629E-003
   5.7116547060673586        -0.73778793437339552          6.0942918167175772E-003
   5.7671270016104952        -0.73655273094431861          5.9119823568028734E-003
   5.8242924609921474        -0.73530805010654099          5.7300142177267284E-003
   5.8830952287146765        -0.73405670130560530          5.5488221460493030E-003
   5.9434778494907308        -0.73280107840561703          5.3688058637362413E-003
   6.0053813243820535        -0.73154395015554952          5.1903352186646783E-003
   6.0687451684465472        -0.73028739820643640          5.0137439834888669E-003
   6.1335074698372649        -0.72903368132779167          4.8393359419108455E-003
   6.1996049502955923        -0.72778519192010172          4.6673853011944197E-003
   6.2669730269795227        -0.72654227493230694          4.4981259960699621E-003
   6.3355458755666048        -0.72530843118161947          4.3317813124967566E-003
   6.4052564945699215        -0.72408465565657953          4.1685343249388412E-003
   6.4760367708042459        -0.72287270367352408          4.0085470436584747E-003
   6.5478175459384254        -0.72167322455903316          3.8519525297337326E-003
   6.6205286840689457        -0.72048798675587189          3.6988671833667322E-003
   6.6940991402486771        -0.71931833115184829          3.5493846169290487E-003
   6.7684570299038196        -0.71816488198380946          3.4035762527740484E-003
   6.8435296990712411        -0.71702865872873200          3.2614977584769773E-003
   6.9192437953875654        -0.71591050785264276          3.1231879494846458E-003
   6.9955253397606603        -0.71481097858620646          2.9886698183483871E-003
   7.0722997986534919        -0.71373096449609408          2.8579543406518268E-003
   7.1494921569097150        -0.71265472162767585          2.7309834860537040E-003
   7.2270269910498470        -0.71163134760442548          2.6079098998575355E-003
   7.3048285429664084        -0.71061231827291649          2.4885433274014364E-003
   7.3828207939460206        -0.70961460597843296          2.3729085351367456E-003
   7.4609275389461427        -0.70863820811995781          2.2609650018650183E-003
   7.5390724610538573        -0.70768381083648091          2.1526677024026031E-003
   7.6171792060539794        -0.70675047874071673          2.0479614550438239E-003
   7.6951714570335916        -0.70583951025508418          1.9467923985960229E-003
   7.7729730089501530        -0.70495031565386990          1.8490975086274226E-003
   7.8505078430902850        -0.70408326776282770          1.7548128960070803E-003
   7.9277002013465081        -0.70323817638843422          1.6638705555049383E-003
   8.0044746602393406        -0.70241498512771861          1.5762006850013738E-003
   8.0807562046124346        -0.70161371000614514          1.4917320038668573E-003
   8.1564703009287580        -0.70083412549419499          1.4103915939523716E-003
   8.2315429700961804        -0.70007637238322751          1.3321065181314598E-003
   8.3059008597513220        -0.69934005792000209          1.2568025090661996E-003
   8.3794713159310543        -0.69862520023379704          1.1844060600120782E-003
   8.4521824540615746        -0.69793153230588134          1.1148434923725595E-003
   8.5239632291957541        -0.69725911697477982          1.0480422229360770E-003
   8.5947435054300794        -0.69660727988862914          9.8392943594569873E-004
   8.6644541244333944        -0.69597651670119109          9.2243499156432595E-004
   8.7330269730204773        -0.69536572431998922          8.6348787471648958E-004
   8.8003950497044077        -0.69477543219681126          8.0702054636225739E-004
   8.8664925301627360        -0.69420526850524389          7.5296584783611433E-004
   8.9312548315534528        -0.69365477356923644          7.0125823608885340E-004
   8.9946186756179465        -0.69312422151009856          6.5183465376441034E-004
   9.0565221505092701        -0.69261312380684958          6.0463311706518473E-004
   9.1169047712853235        -0.69212086138115436          5.5959352451256125E-004
   9.1757075390078526        -0.69164780479728083          5.1665855857268585E-004
   9.2328729983895048        -0.69119346349843214          4.7577221125163507E-004
   9.2883452939326414        -0.69075812582895391          4.3688107503082971E-004
   9.3420702245050524        -0.69034078590498238          3.9993299589627477E-004
   9.3939952962992681        -0.68994183241125151          3.6487881000241899E-004
   9.4440697741237383        -0.68956094255155664          3.3167102690705754E-004
   9.4922447309757860        -0.68919822499384986          3.0026449667016817E-004
   9.5384730958479409        -0.68885264553404535          2.7061571347799249E-004
   9.5827096997210024        -0.68852486793626455          2.4268403303441755E-004
   9.6249113196989775        -0.68821462665922506          2.1643052113069259E-004
   9.6650367212429114        -0.68792154588505716          1.9181835317146542E-004
   9.7030466984625470        -0.68764556109925401          1.6881292397623887E-004
   9.7389041124268179        -0.68738678282761334          1.4738175639809968E-004
   9.7725739274563246        -0.68714476457300488          1.2749433174695391E-004
   9.8040232453633358        -0.68691964579312825          1.0912233620649207E-004
   9.8332213376076982        -0.68671131219874637          9.2239457799897040E-005
   9.8601396753406405        -0.68651974855851805          7.6821445795263201E-005
   9.8847519573137284        -0.68634469597075232          6.2846055906249723E-005
   9.9070341356395382        -0.68618612854656613          5.0293095859965623E-005
   9.9269644394092662        -0.68604436136625224          3.9144396670829149E-005
   9.9445233962172956        -0.68591929620894398          2.9383745231656797E-005
   9.9596938517651417        -0.68581235582682676          2.0996965053182600E-005
   9.9724609881074784        -0.68571874654395581          1.3971669065827203E-005
   9.9828123425936077        -0.68564392077974234          8.2977338644793616E-006
   9.9907378368328139        -0.68558591076523212          3.9667637269941285E-006
   9.9962298765989885        -0.68554504958543072          9.7231827514164392E-007
   9.9992843169336041        -0.68552176741182469         -6.9034432562278208E-007
