4.	-8.673617379884035e-19
4.21	0.0524588353072644
4.42	0.07703007150972216
4.63	0.09775516583692598
4.84	0.11674323860408702
5.05	0.13476215458096352
5.26	0.15218023067045774
5.47	0.16920051972940267
5.68	0.18594454566889265
5.89	0.2024888150177932
6.1	0.21888294077323517
6.3100000000000005	0.2351595103669426
6.52	0.251339847582241
6.73	0.26743756749443415
6.9399999999999995	0.2834608704708375
7.15	0.29941407892749033
7.359999999999999	0.3152987002076601
7.57	0.33111418221960714
7.779999999999999	0.34685846376075014
7.99	0.3625283837714278
8.2	0.3781199913950234
8.41	0.3936287845650367
8.620000000000001	0.4090498960976506
8.83	0.4243782405288302
9.04	0.4396086308360481
9.25	0.454735871896498
9.46	0.46975483551438646
9.67	0.484660520643963
9.879999999999999	0.49944810169293946
10.09	0.5141129667577221
10.3	0.5286507478434035
10.51	0.5430573439264605
10.719999999999999	0.5573289384077457
10.93	0.5714620112279841
11.14	0.5854533471611796
11.35	0.5993000398660513
11.559999999999999	0.6129994935462322
11.77	0.6265494210817619
11.98	0.6399478405815419
12.19	0.6531930697410556
12.4	0.6662837183947731
12.61	0.6792186800472184
12.82	0.6919971220599641
13.03	0.7046184750952693
13.24	0.7170824216681156
13.45	0.7293888846924212
13.66	0.741538014844183
13.87	0.753530178641752
14.08	0.7653659455236387
14.29	0.7770460757720248
14.5	0.7885715077703449
14.709999999999999	0.7999433460981714
14.92	0.8111628492455647
15.129999999999999	0.8222314183561772
15.34	0.833150585404103
15.549999999999999	0.8439220027353141
15.76	0.8545474321248497
15.969999999999999	0.865028735054737
16.18	0.8753678626829245
16.39	0.885566847081794
16.6	0.8956277920668181
16.81	0.9055528654525882
17.02	0.9153442907962192
17.229999999999997	0.9250043404603187
17.439999999999998	0.934535328552739
17.65	0.9439396046281994
17.86	0.9532195476016009
18.07	0.962377560362047
18.28	0.9714160644006249
18.490000000000002	0.9803374953264004
18.7	0.9891442982246162
18.91	0.9978389237664109
19.119999999999997	1.0064238245528572
19.33	1.014901451813929
19.54	1.0232742519390217
19.75	1.0315446644775403
19.96	1.039715119018206
20.169999999999998	1.0477880330057885
20.38	1.055765810313126
20.59	1.0636508389517476
20.8	1.0714454896975565
21.009999999999998	1.0791521147639442
21.22	1.0867730470092716
21.43	1.0943105981958416
21.64	1.1017670592184712
21.849999999999998	1.1091446983895317
22.06	1.1164457619094994
22.27	1.1236724729202336
22.48	1.1308270314650146
22.689999999999998	1.1379116143323815
22.9	1.1449283751548376
23.11	1.1518794442530147
23.32	1.1587669292686413
23.529999999999998	1.1655929149427366
23.74	1.1723594637131394
23.95	1.1790686163555468
24.16	1.1857223918742832
24.37	1.1923227888405807
24.58	1.1988717854805782
24.79	1.2053713405517996
25.	1.2118233942843157
25.21	1.2182298686638071
25.419999999999998	1.2245926688730524
25.63	1.230913683800883
25.84	1.2371947871561777
26.05	1.2434378385295393
26.259999999999998	1.2496446842398656
26.47	1.2558171585115583
26.68	1.2619570845988186
26.89	1.2680662761314714
27.099999999999998	1.2741465378305608
27.31	1.2801996673562008
27.52	1.2862274561951967
27.73	1.2922316911785188
27.939999999999998	1.298214155871226
28.15	1.3041766318880912
28.36	1.3101209005611618
28.57	1.3160487442746043
28.779999999999998	1.3219619480891522
28.99	1.3278623016660889
29.2	1.3337516006048686
29.41	1.339631648440466
29.619999999999997	1.345504258335113
29.83	1.3513712551383354
30.04	1.3572344771887446
30.25	1.3630957786925608
30.459999999999997	1.368957031483437
30.669999999999998	1.3748201275558753
30.88	1.3806869812232052
31.09	1.3865595319084332
31.3	1.39243974605492
31.509999999999998	1.3983296206686184
31.72	1.4042311854266951
31.93	1.4101465060157548
32.14	1.4160776871814071
32.349999999999994	1.4220268758438406
32.56	1.4279962648422306
32.769999999999996	1.4339880963138183
32.980000000000004	1.4400046657834036
33.19	1.4460483260789605
33.4	1.4521214917629455
33.61	1.458226643508726
33.82	1.4643663332884729
34.03	1.4705431889822767
34.239999999999995	1.4767599208160516
34.45	1.4830193259195679
34.66	1.489324295822184
34.87	1.4956778222093916
35.08	1.502083004481989
35.29	1.5085430569788711
35.5	1.5150613176143108
35.709999999999994	1.5216412560251797
35.92	1.5282864834163423
36.129999999999995	1.5350007620982165
36.339999999999996	1.5417880166416795
36.55	1.5486523454422554
36.76	1.5555980329228756
36.97	1.562629563417716
37.18	1.5697516354153997
37.39	1.5769691773951466
37.6	1.5842873649745959
37.81	1.5917116390531285
38.019999999999996	1.5992477260562026
38.23	1.6069016595322092
38.44	1.614679803896926
38.65	1.6225888797358052
38.86	1.630635992085909
39.07	1.6388286607141798
39.28	1.6471748537751976
39.49	1.6556830235432534
39.699999999999996	1.6643621469479495
39.91	1.6732217687418642
40.12	1.6822720496088788
40.33	1.691523818680482
40.54	1.7009886314661344
40.75	1.710678833530834
40.96	1.7206076307593852
41.17	1.730789167063508
41.379999999999995	1.7412386100998638
41.589999999999996	1.7519722462921015
41.8	1.7630075860763643
42.01	1.7743634806506778
42.22	1.786060252052558
42.43	1.7981198376653837
42.64	1.8105659508990755
42.85	1.8234242613311922
43.059999999999995	1.8367225945396364
43.269999999999996	1.8504911574437382
43.48	1.8647627881834112
43.69	1.879573238369246
43.9	1.8949614877433798
44.11	1.9109700992645189
44.32	1.9276456157216328
44.53	1.9450390075729895
44.74	1.963206174961232
44.949999999999996	1.982208513301228
45.16	2.0021135477669274
45.37	2.022995649106377
45.58	2.044936834952528
45.79	2.0680276727097877
46.	2.092368291269254
46.21	2.1180695170036428
46.42	2.1452541494997144
46.629999999999995	2.174058394933172
46.839999999999996	2.2046334857475003
47.05	2.2371475254715327
47.26	2.2717876257971668
47.47	2.3087624509037727
47.68	2.348305379090867
47.89	2.3906786742294157
48.1	2.436179409599887
48.309999999999995	2.4851485745045863
48.519999999999996	2.537986204438412
48.73	2.595178348945485
48.94	2.6573485168139386
49.15	2.7253475140147896
49.36	2.800717525544442
49.57	2.886236964035811
49.78	2.9862721596268518
49.989999999999995	3.1264857427025126
50.199999999999996	3.2421616699619986
50.41	3.258775622317216
50.62	3.2758153355919433
50.83	3.293163568460683
51.04	3.3107130508660303
51.25	3.32836601651031
51.46	3.3460337439850445
51.67	3.363636105177628
51.879999999999995	3.3811011224865846
52.089999999999996	3.398364533084586
52.3	3.415369363062627
52.51	3.4320655082783573
52.72	3.4484093249397456
52.93	3.4643632282790557
53.14	3.479895300228182
53.35	3.4949789053645732
53.559999999999995	3.509592316480383
53.769999999999996	3.5237183486822183
53.98	3.5373440030911487
54.19	3.550460119093759
54.4	3.5630610370822873
54.61	3.5751442691612234
54.82	3.586710180733672
55.03	3.5977616815053777
55.239999999999995	3.6083039254518368
55.449999999999996	3.618344021971472
55.66	3.6278907555125945
55.87	3.636954317240051
56.08	3.6455460448598402
56.29	3.653678174414371
56.5	3.6613636015030924
56.71	3.668615653636946
56.919999999999995	3.675447872808752
57.129999999999995	3.6818738090814906
57.339999999999996	3.687906824969555
57.55	3.6935599108112136
57.76	3.698845511207338
57.97	3.7037753626363075
58.18	3.7083603420216256
58.39	3.712610327707702
58.6	3.7165340707317767
58.809999999999995	3.7201390784273776
59.019999999999996	3.7234315093857937
59.23	3.7264160806149045
59.44	3.7290959864818256
59.65	3.7314728295395874
59.86	3.733546563376966
60.07	3.7353154466106995
60.28	3.736775668269435
60.489999999999995	3.7379206235713376
60.699999999999996	3.738741794867156
60.91	3.7392304375751166
61.12	3.7393756353899503
61.33	3.7391653620499192
61.54	3.738587396560969
61.75	3.737626075843866
61.96	3.7362635700865976
62.169999999999995	3.7344876290591484
62.379999999999995	3.7322743570159655
62.589999999999996	3.7296047796456633
62.8	3.7264603310737776
63.01	3.7228367563476037
63.22	3.7186850398605102
63.43	3.7140204746636303
63.64	3.708782433415093
63.849999999999994	3.702944113121482
64.06	3.6965039925642187
64.27	3.689407121040722
64.47999999999999	3.681612726967427
64.69	3.6730860458146575
64.9	3.6637868946108276
65.11	3.6536824709680005
65.32	3.64271765746504
65.53	3.630842944272001
65.74	3.61799926828294
65.94999999999999	3.6041427559462154
66.16	3.5892041830907213
66.37	3.5731305212321356
66.58	3.5558459830457756
66.78999999999999	3.5373024308777747
67.	3.517422036351672
67.21000000000001	3.4961228745783153
67.41999999999999	3.4733534480075816
67.63	3.4490492852356693
67.84	3.4231101556970893
68.05	3.395507618348215
68.25999999999999	3.3661769549994425
68.47	3.3351023887383446
68.67999999999999	3.302233483531183
68.89	3.2675609012736575
69.1	3.2311506007241917
69.31	3.1930256684244376
69.52	3.153293185866335
69.73	3.1119993980852714
69.94	3.0693443085447774
70.14999999999999	3.025532649479432
70.36	2.9808320449404815
70.57	2.9350779008354144
70.78	2.8870874867432366
70.99	2.8374275156875854
71.2	2.7869241687123583
71.41	2.736401322380916
71.62	2.6866512775708924
71.83	2.638107692142051
72.03999999999999	2.5909753861707614
72.25	2.5454554711547894
72.46	2.5017490755437213
72.67	2.460057877527281
72.88	2.4205522743545687
73.09	2.38323749950247
73.3	2.348056090518132
73.50999999999999	2.3149510541809972
73.72	2.283865397679664
73.92999999999999	2.2547421327503874
74.14	2.2275155283841457
74.35	2.202088485672768
74.56	2.1783568258806443
74.77	2.156216374739524
74.98	2.135562958375688
75.19	2.116292350748217
75.39999999999999	2.0983091612213958
75.61	2.081539972823947
75.82	2.0659152615092062
76.03	2.0513654333730176
76.24	2.0378208949211234
76.45	2.0252120733089725
76.66	2.0134749005905532
76.86999999999999	2.002557366819528
77.08	1.9924091057788325
77.28999999999999	1.9829797444697506
77.5	1.9742189102246455
77.71	1.9660762362091098
77.92	1.958507936765975
78.13	1.9514838792887659
78.34	1.9449758383870517
78.55	1.9389555584368066
78.75999999999999	1.933394783209838
78.97	1.9282652561148532
79.17999999999999	1.9235407635091097
79.39	1.9191998367108247
79.6	1.915221737583792
79.81	1.9115857202648905
80.02	1.9082710385737196
80.23	1.9052569431084638
80.44	1.9025246199608563
80.64999999999999	1.9000611007683628
80.86	1.8978545549202424
81.07	1.8958931472591345
81.28	1.894165042883788
81.49	1.8926584006463611
81.7	1.891361766602066
81.91	1.8902653187919367
82.11999999999999	1.889359737223254
82.33	1.8886356964057953
82.53999999999999	1.8880838705019498
82.75	1.887694931445398
82.96	1.887459809963598
83.17	1.8873714533779478
83.38	1.887423810852625
83.59	1.8876108358795702
83.8	1.8879264820132025
84.00999999999999	1.8883647022972798
84.22	1.88891952480608
84.42999999999999	1.8895864343611244
84.64	1.8903622396904216
84.85	1.8912437997703697
85.06	1.8922279730761704
85.27	1.893311618190506
85.48	1.894491587840203
85.69	1.8957638125560656
85.89999999999999	1.897122476192974
86.11	1.8985615545883192
86.32	1.9000750254948495
86.53	1.9016568667133855
86.74	1.9033010559392338
86.95	1.905001946249131
87.16	1.9067557839610527
87.36999999999999	1.9085594138965836
87.58	1.9104096811888225
87.78999999999999	1.9123034306686115
88.	1.9142375074496638
88.21	1.9162087271289863
88.42	1.918213352403748
88.63	1.9202471494015836
88.84	1.9223058666609445
89.05	1.9243852527372063
89.25999999999999	1.9264810564325443
89.47	1.9285890203579736
89.67999999999999	1.9307066791330845
89.89	1.9328365654362913
90.1	1.9349792298829391
90.31	1.9371176525188316
90.52	1.9392485088710205
90.72999999999999	1.9413718391834103
90.94	1.943487683004677
91.14999999999999	1.9455960801278012
91.36	1.9476970695276459
91.57	1.9497906904284392
91.78	1.951876981408306
91.99	1.9539559809023528
92.2	1.9560277270517437
92.41	1.9580922577107571
92.61999999999999	1.9601496105981
92.83	1.9621998230805064
93.03999999999999	1.964242932272293
93.25	1.9662789749412315
93.46	1.9683079876412803
93.67	1.9703300069129779
93.88	1.9723450687266406
94.09	1.9743532089521056
94.3	1.976354463182615
94.50999999999999	1.9783488667486806
94.72	1.9803364548479578
94.92999999999999	1.9823172622653678
95.14	1.984291323747455
95.35	1.9862586735680006
95.56	1.9882193459972812
95.77	1.9901733748991597
95.97999999999999	1.9921207941343888
96.19	1.9940616369809023
96.39999999999999	1.9959959367602116
96.61	1.9979237265290575
96.82	1.9998450392059566
97.03	2.001759907213035
97.24	2.0036683629105836
97.45	2.005570438608349
97.66	2.007466166080376
97.86999999999999	2.0093555772122
98.08	2.0112387033790515
98.28999999999999	2.013115575969552
98.5	2.014986226093368
98.71	2.0168506846218337
98.92	2.0187089822136377
99.13	2.020561149398202
99.34	2.0224072164384284
99.55	2.024247213327366
99.75999999999999	2.0260811701407184
99.97	2.027909116483883
100.17999999999999	2.0297310818788943
100.39	2.0315470955700246
100.6	2.0333571867880074
100.81	2.0351613842707685
101.02	2.036959716903125
101.22999999999999	2.038752213252527
101.44	2.040538901505062
101.64999999999999	2.0423198100316293
101.86	2.0440949668429402
102.07	2.0458643996398753
102.28	2.04762813612735
102.49	2.04938620372128
102.7	2.051138629732481
102.91	2.052885441271383
103.11999999999999	2.054626665232218
103.33	2.0563623285176447
103.53999999999999	2.058092457668863
103.75	2.0598170790230537
103.96	2.0615362189199953
104.17	2.063249903405693
104.38	2.064958158512554
104.58999999999999	2.0666610097857787
104.8	2.0683584829626254
105.00999999999999	2.0700506036263473
105.22	2.071737396752866
105.42999999999999	2.0734188877381845
105.64	2.075095101381393
105.85	2.076766062506555
106.06	2.0784317958071488
106.27	2.0800923257134047
106.47999999999999	2.081747676595021
106.69	2.083397872720705
106.89999999999999	2.0850429380605418
107.11	2.086682896456984
107.32	2.0883177718347756
107.53	2.089947587548714
107.74	2.0915723672336783
107.95	2.0931921341116446
108.16	2.0948069113374355
108.36999999999999	2.096416721994307
108.58	2.0980215889524025
108.78999999999999	2.0996215348792315
109.	2.1012165824151827
109.21	2.102806754001087
109.42	2.1043920720824665
109.63	2.105972558605158
109.83999999999999	2.1075482358972075
110.05	2.109119125698842
110.25999999999999	2.1106852497719424
110.47	2.112246629943778
110.67999999999999	2.113803287572677
110.89	2.115355244092585
111.1	2.1169025208598673
111.31	2.1184451389325862
111.52	2.119983119272143
111.72999999999999	2.1215164828208644
111.94	2.1230452502660055
112.14999999999999	2.1245694424395802
112.36	2.12608907964344
112.57	2.127604182331222
112.78	2.129114770796462
112.99	2.1306208651086944
113.2	2.1321224854068928
113.41	2.133619651499444
113.61999999999999	2.13511238317743
113.83	2.136600700203045
114.03999999999999	2.1380846221417866
114.25	2.1395641682696223
114.46	2.1410393580563993
114.67	2.142510210650185
114.88	2.1439767451770266